camera_matrix:
- - 537.2279993908635
  - 0.0
  - 246.47122600916072
- - 0.0
  - 568.8512471279734
  - 168.8805255159982
- - 0.0
  - 0.0
  - 1.0
dist_coefs:
- - -0.6520211200947515
  - 1.3244126037702948
  - -0.0065707868972175055
  - 0.0010709457190481112
  - -1.368896636733568
rms: 1.8376622643443072
